     0/499     4.78G      0.11   0.07845   0.03991    0.2284         5      1216    0.3685   0.01149  0.001668 0.0001668     0.102    0.0755   0.04009
     1/499     4.73G     0.101   0.06222   0.03831    0.2015         6      1216   0.01053   0.03372  0.001261 0.0003379   0.09295   0.07042   0.03672
     2/499     4.73G   0.09652   0.05861   0.03541    0.1905         6      1216  0.001882    0.1479 0.0005472 9.741e-05   0.08637   0.07122   0.03432
     3/499     4.73G   0.08949    0.0558   0.03395    0.1792         4      1216   0.01052    0.1364  0.006471  0.001129   0.08135   0.07169   0.03217
     4/499     4.73G   0.08461   0.06112   0.03169    0.1774         5      1216    0.3413    0.1602  0.002865 0.0005994   0.08141   0.06927   0.03081
     5/499     4.73G   0.08081   0.05689   0.03018    0.1679         6      1216    0.7107   0.06897   0.02432  0.008541   0.07956    0.0679   0.03026
     6/499     4.73G   0.07788   0.05929   0.02903    0.1662         3      1216    0.7716    0.1379   0.07854   0.01669   0.07145   0.06805   0.02945
     7/499     4.73G   0.09306   0.04659   0.02977    0.1694        10      1216    0.3528   0.04598  0.006277 0.0009022   0.09435   0.05286   0.02984
     8/499     4.73G   0.09031   0.04902   0.02963     0.169         9      1216    0.1053    0.1364   0.05962   0.01019   0.07655   0.06787   0.03017
     9/499     4.73G   0.08202   0.05397    0.0299    0.1659        16      1216    0.7168   0.06897   0.03563  0.006264   0.07834   0.06069    0.0287
    10/499     4.73G   0.07971   0.04964   0.02773    0.1571         2      1216    0.4252    0.1709   0.03005   0.00485   0.07991   0.05594   0.02753
    11/499     4.73G   0.08013   0.04674    0.0264    0.1533         8      1216    0.4789    0.1671    0.1077   0.02295   0.07243    0.0623   0.02628
    12/499     4.73G   0.07485   0.05154   0.02733    0.1537        14      1216     0.419    0.2268   0.05017    0.0106   0.07123   0.05839   0.02615
    13/499     4.73G   0.07272   0.04716   0.02728    0.1472        21      1216    0.4836    0.3057    0.1524   0.02343   0.07635   0.05579   0.02565
    14/499     4.73G   0.07429   0.04482   0.02519    0.1443         9      1216    0.5181    0.2391    0.1354   0.03688   0.07998   0.07356   0.02341
    15/499     4.73G   0.07375   0.04443   0.02402    0.1422         7      1216    0.4862    0.2276    0.1418   0.02832   0.06889   0.06527   0.02437
    16/499     4.73G   0.06562   0.04724   0.02336    0.1362         6      1216    0.4424    0.3172    0.1043   0.02006   0.07807   0.05268   0.02198
    17/499     4.73G   0.07023   0.04104   0.02231    0.1336         9      1216    0.6165    0.2797    0.2735   0.08048    0.0631   0.05612   0.02166
    18/499     4.73G   0.06556   0.03867   0.02139    0.1256         3      1216    0.5951    0.2031    0.1824   0.04557   0.06667   0.04938   0.02123
    19/499     4.73G   0.06969   0.03676    0.0209    0.1273         8      1216    0.7579    0.2602    0.3058   0.05908    0.0645   0.04379   0.01962
    20/499     4.73G   0.06792   0.03512   0.01926    0.1223         8      1216     0.315    0.4585    0.2807    0.0823   0.06485   0.04757   0.02158
    21/499     4.73G    0.0635   0.03552   0.01872    0.1177         6      1216    0.8114     0.272    0.3707    0.1032   0.06306   0.04907   0.01936
    22/499     4.73G   0.06341   0.03405   0.01808    0.1155         2      1216     0.878    0.3402    0.4008    0.1414   0.05512   0.04963   0.01917
    23/499     4.73G   0.05728   0.03495   0.01796    0.1102         3      1216    0.7716    0.4073     0.413    0.1657   0.05532   0.05366   0.01985
    24/499     4.73G   0.06022   0.03922   0.01706    0.1165         2      1216     0.388    0.3828    0.3799    0.1149    0.0546   0.05781    0.0208
    25/499     4.73G   0.05706   0.03769   0.01642    0.1112        10      1216    0.2898     0.466    0.2816   0.07883   0.06196   0.06117   0.01874
    26/499     4.73G   0.05987   0.03925   0.01569    0.1148        11      1216    0.4598    0.2846    0.2584   0.08141   0.07057   0.05363    0.0219
    27/499     4.73G   0.06155   0.04475   0.01584    0.1221        11      1216    0.4055    0.4108     0.368    0.1568   0.05629   0.05174   0.01983
    28/499     4.73G   0.05775   0.03993   0.01438    0.1121         3      1216    0.4061    0.3611    0.4343    0.1383   0.06218   0.04637   0.01881
    29/499     4.73G   0.06147   0.03807   0.01397    0.1135         4      1216    0.3928    0.5068    0.3868    0.1605   0.06041   0.05117   0.01801
    30/499     4.73G   0.05443   0.03504   0.01391    0.1034         3      1216    0.5757    0.4553    0.5028    0.1694   0.05245   0.04881   0.01552
    31/499     4.73G   0.05533   0.03008   0.01236   0.09777         8      1216      0.54    0.5586    0.5469    0.2083   0.05608   0.04617   0.01591
    32/499     4.73G    0.0582   0.03195   0.01285     0.103        15      1216    0.5352    0.6232    0.5118    0.1791   0.05397   0.04926   0.01661
    33/499     4.73G   0.05528   0.02834   0.01176   0.09538         8      1216     0.529     0.654    0.5582    0.2011   0.05471   0.04855   0.01567
    34/499     4.73G   0.05589   0.03119    0.0115   0.09857         9      1216     0.545    0.5244    0.4745    0.1886   0.05341   0.04641   0.01653
    35/499     4.73G   0.05265   0.03021   0.01173   0.09459         7      1216    0.5672    0.5034    0.4564    0.1654   0.05462   0.04633   0.01629
    36/499     4.73G   0.04961   0.02878   0.01237   0.09075         5      1216    0.6667    0.4922    0.5556    0.2174   0.05088    0.0425   0.01374
    37/499     4.73G   0.05031   0.02963    0.0105   0.09044        11      1216    0.5108    0.5251    0.4556    0.1367   0.05657   0.05101   0.01405
    38/499     4.73G   0.05116   0.02846   0.01047   0.09008        10      1216    0.6857    0.5127    0.5295    0.2396   0.05307    0.0656   0.01529
    39/499     4.73G   0.04948    0.0266  0.009517    0.0856         5      1216    0.8466    0.5135    0.5465    0.2005   0.05546   0.05513   0.01563
    40/499     4.73G   0.05339   0.02574  0.009055   0.08818         2      1216    0.7051    0.5021    0.5555     0.155    0.0537   0.05034   0.01385
    41/499     4.73G   0.05126   0.02798  0.008787   0.08803        11      1216    0.6877    0.5681    0.5697    0.2184   0.05057   0.04928   0.01322
    42/499     4.73G   0.05191   0.02466  0.008424   0.08499         4      1216    0.6366    0.4899    0.5073    0.1794   0.05313    0.0521   0.01496
    43/499     4.73G   0.05397   0.02653  0.008925   0.08943         4      1216    0.6425    0.5111    0.5472    0.2049   0.04934   0.05199   0.01546
    44/499     4.73G   0.04873   0.02844  0.008255   0.08542         8      1216    0.7502    0.4569    0.5212    0.2225   0.04893   0.05135   0.01442
    45/499     4.73G   0.04622   0.02857  0.009785   0.08458        12      1216    0.6061    0.6061    0.5327    0.2593   0.04679   0.06198   0.01618
    46/499     4.73G    0.0469    0.0272  0.008967   0.08307        10      1216    0.7626    0.4877    0.5222    0.1754   0.05356   0.06139   0.01706
    47/499     4.73G   0.04715   0.02631  0.008903   0.08236         3      1216    0.7083    0.5818    0.6185    0.2971   0.04893   0.05212   0.01806
    48/499     4.73G   0.04357   0.02489   0.00842   0.07688         3      1216    0.6708    0.5676    0.5503    0.2408   0.04931   0.04874   0.01691
    49/499     4.73G   0.04743   0.02569  0.007569   0.08069        11      1216    0.7385    0.5144    0.5636     0.271   0.04813   0.04615   0.01475
    50/499     4.73G   0.04467   0.02844  0.007801   0.08091         9      1216    0.6992    0.5473    0.6065    0.1764   0.05348    0.0457   0.01457
    51/499     4.73G   0.05294    0.0255  0.007994   0.08644         9      1216    0.7663    0.5835    0.6276     0.262    0.0467   0.05176   0.01438
    52/499     4.73G   0.04661   0.02563   0.00844   0.08067         7      1216    0.6402    0.6051    0.5462     0.227   0.04685   0.05183   0.01492
    53/499     4.73G   0.04473    0.0269  0.007959   0.07959         8      1216    0.8083    0.5723    0.6292    0.3388   0.04605   0.05485   0.01422
    54/499     4.73G   0.04557   0.02386  0.006323   0.07575         4      1216    0.7498    0.5612    0.6005     0.228   0.04921   0.05445   0.01475
    55/499     4.73G   0.04809    0.0246  0.007469   0.08015         8      1216    0.7163     0.597    0.6209    0.3381   0.04585   0.05615   0.01494
    56/499     4.73G   0.04211   0.02503  0.007181   0.07432        11      1216    0.7884    0.4862    0.5711    0.2829   0.04622   0.04958   0.01487
    57/499     4.73G   0.04445    0.0264  0.007007   0.07786         5      1216     0.783    0.6065    0.6363    0.2771   0.04702   0.04927   0.01625
    58/499     4.73G   0.04206    0.0243   0.00675   0.07311         3      1216    0.7341    0.5612    0.5819    0.2958   0.04577   0.05308   0.01856
    59/499     4.73G   0.04126   0.02466  0.008471   0.07439         9      1216    0.7682    0.6179    0.5834    0.2699   0.04713   0.05053   0.01735
    60/499     4.73G   0.04545   0.02478  0.007094   0.07733         6      1216    0.7033    0.5136    0.5661    0.1982   0.04836   0.05274   0.01615
    61/499     4.73G   0.04252    0.0244  0.007741   0.07466         9      1216    0.7038    0.5472     0.595    0.3304   0.04402   0.05085   0.01526
    62/499     4.73G    0.0414   0.02344  0.005961    0.0708         6      1216    0.5846     0.618    0.5636     0.272   0.04664   0.05416   0.01695
    63/499     4.73G   0.04518   0.02357  0.007015   0.07576        13      1216    0.6652    0.5382    0.5191     0.234   0.04645   0.05635    0.0198
    64/499     4.73G   0.04394   0.02326  0.007867   0.07507        11      1216     0.706    0.5737     0.564    0.3074    0.0442   0.04965   0.01929
    65/499     4.73G   0.04218   0.02457  0.006733   0.07348         8      1216    0.7408    0.5914      0.58    0.2977   0.04461   0.05175   0.01756
    66/499     4.73G   0.03985   0.02326  0.006215   0.06932        11      1216    0.7566    0.6242    0.6153    0.3088   0.04364   0.05301   0.01749
    67/499     4.73G    0.0386   0.02405  0.006561   0.06921         7      1216     0.826    0.5844    0.6255    0.3289   0.04373   0.05201   0.01763
    68/499     4.73G   0.03875   0.02475   0.00654   0.07004         2      1216    0.6373     0.665    0.5782    0.3091   0.04424   0.06073   0.01837
    69/499     4.73G   0.03956   0.02249  0.006518   0.06857         6      1216    0.7098    0.5294    0.5715    0.2892   0.04545   0.05697   0.01681
    70/499     4.73G   0.04089   0.02298  0.006336    0.0702        11      1216    0.6592    0.5472    0.5752    0.2597   0.04653   0.05462    0.0172
    71/499     4.73G   0.03738   0.02386  0.005719   0.06696        15      1216    0.7323    0.5472    0.5499    0.2616   0.04871   0.05252   0.01753
    72/499     4.73G   0.04033   0.02215  0.005092   0.06758         9      1216    0.7947    0.5429    0.5947    0.2931   0.04609   0.05041   0.01753
    73/499     4.73G    0.0396   0.02217   0.00569   0.06747         3      1216    0.7011    0.6108    0.5698    0.2863   0.04918   0.05325   0.01902
    74/499     4.74G   0.04165   0.02367  0.006241   0.07156        10      1216    0.7606    0.6017    0.6013    0.2513    0.0488   0.05379   0.01869
    75/499     4.74G   0.04421   0.02261  0.006065   0.07288         3      1216    0.7377     0.587    0.5994    0.3011   0.04657   0.05286   0.01856
    76/499     4.74G   0.04138   0.02315   0.00748     0.072        13      1216    0.7285    0.5783    0.5968    0.3257   0.04491   0.05554   0.01886
    77/499     4.74G   0.03998   0.02234  0.005955   0.06827         3      1216    0.6424     0.618    0.5902    0.2977   0.04395   0.05097   0.01818
    78/499     4.74G   0.04085   0.02304  0.006171   0.07007        10      1216    0.8148    0.6531    0.6277    0.3554   0.04252   0.05277   0.01859
    79/499     4.74G   0.03885   0.02208  0.005294   0.06623         6      1216    0.7199    0.6068    0.6149    0.3422   0.04571   0.05434    0.0191
    80/499     4.74G    0.0393   0.02356   0.00763   0.07049        13      1216    0.7902    0.5811    0.6131    0.3247   0.04375   0.05058   0.01853
    81/499     4.74G   0.03893   0.02243  0.005757   0.06712         2      1216    0.6669    0.6402    0.5841    0.2763   0.04699   0.05673   0.01815
    82/499     4.74G   0.04066   0.02394  0.006344   0.07095        10      1216    0.7447    0.6323    0.6049    0.2849   0.04495   0.05312   0.01666
    83/499     4.74G   0.03768   0.02218  0.005095   0.06496         9      1216    0.7153     0.614    0.6026    0.3583   0.04248   0.05499   0.01608
    84/499     4.74G   0.04064   0.02063  0.005597   0.06686         8      1216    0.7446    0.6179    0.6052    0.3019    0.0423   0.05227   0.01638
    85/499     4.74G   0.03897    0.0207  0.005279   0.06495         5      1216    0.7365    0.6101    0.6143    0.3504   0.04192   0.05059   0.01668
    86/499     4.74G   0.03962   0.02342  0.005503   0.06854         8      1216    0.7987    0.5298    0.6062    0.3681   0.04084   0.04953    0.0167
    87/499     4.74G   0.03739   0.02263  0.005667   0.06569        16      1216     0.731    0.6318    0.6094    0.3325   0.04228   0.05322   0.01808
    88/499     4.74G   0.03721   0.02177  0.005363   0.06435         6      1216    0.7153    0.5944    0.5967     0.303    0.0447   0.05602   0.01947
    89/499     4.74G   0.03635   0.02198  0.005657   0.06398         4      1216    0.6953    0.5702     0.576    0.3101   0.04361   0.05675   0.01719
    90/499     4.74G   0.03809   0.01958  0.005241   0.06291         8      1216    0.7643    0.5439    0.5901    0.2864   0.04938   0.05696   0.01624
    91/499     4.74G   0.03956    0.0214  0.005632   0.06659        10      1216    0.8013    0.5473    0.5859    0.3225   0.04394   0.05848   0.01596
    92/499     4.74G   0.03782   0.02062  0.006183   0.06462         5      1216    0.7482    0.5588     0.601    0.3423   0.04295    0.0507   0.01611
    93/499     4.74G   0.03699    0.0203  0.005988   0.06328        11      1216    0.7919    0.5129    0.5961    0.3157   0.04503   0.05677   0.01648
    94/499     4.74G   0.03739   0.02008  0.004707   0.06218         7      1216    0.7022    0.6065    0.5982    0.3419   0.04668    0.0566   0.01746
    95/499     4.74G    0.0386   0.02022  0.004771   0.06359         8      1216    0.7956    0.5243    0.5879    0.3223   0.04514   0.05803    0.0174
    96/499     4.74G   0.04114   0.02113  0.005459   0.06773         8      1216    0.7459    0.6256    0.6016    0.3206   0.04402   0.06054   0.01712
    97/499     4.74G   0.04058   0.02124  0.005397   0.06721         6      1216    0.7506    0.6017    0.5805    0.3342   0.04468   0.06071   0.01587
    98/499     4.74G   0.04049   0.02019  0.006039   0.06671        12      1216    0.7546    0.5818    0.5747    0.2953   0.04648   0.06149   0.01566
    99/499     4.74G   0.03918   0.02038  0.005036    0.0646         3      1216    0.7589    0.5365    0.5812    0.3278   0.04664   0.06044   0.01454
   100/499     4.74G   0.03637   0.02101  0.005399   0.06278         8      1216    0.8006    0.5956     0.608     0.299   0.04727   0.06109   0.01365
   101/499     4.74G   0.03661   0.01997    0.0054   0.06197         2      1216    0.7547     0.618      0.59    0.2864   0.04799   0.05937   0.01463
   102/499     4.74G   0.03491   0.02101  0.005047   0.06097        11      1216    0.7655    0.6179    0.5881     0.339   0.04239   0.05798   0.01559
   103/499     4.74G   0.03762   0.01983  0.005224   0.06268         6      1216     0.771    0.5475    0.5577    0.2555   0.04764   0.05546   0.01776
   104/499     4.74G   0.03835   0.02197  0.004709   0.06503        16      1216    0.8136    0.5588    0.5968    0.3618    0.0415   0.05647   0.01702
   105/499     4.74G   0.04071   0.02088  0.004257   0.06585         4      1216    0.8043    0.5473    0.5824    0.3087    0.0467    0.0583   0.01828
   106/499     4.74G   0.03864   0.01977  0.004853   0.06327         4      1216    0.8147    0.5473    0.5522    0.2726   0.04731   0.05669   0.01829
   107/499     4.74G   0.03898   0.01889  0.005272   0.06314         4      1216    0.8281    0.5244    0.5793    0.3552   0.04242   0.05289   0.01926
   108/499     4.74G   0.03621   0.01996  0.004692   0.06086        10      1216    0.7799    0.5359    0.5783    0.3531   0.04256   0.05602   0.02037
   109/499     4.74G   0.03673   0.01954  0.004216   0.06049         5      1216    0.8032    0.5359    0.5679    0.3331   0.04322   0.05658   0.02038
   110/499     4.74G   0.03885   0.01958   0.00489   0.06332        12      1216    0.8097    0.5357    0.5508    0.3364   0.04252   0.05713   0.01916
   111/499     4.74G   0.03388   0.01843  0.004525   0.05684         3      1216    0.7703    0.5588    0.5761     0.328   0.04204   0.05997   0.01779
   112/499     4.74G   0.03552   0.01806  0.004914   0.05849         6      1216     0.771     0.596    0.6074    0.3615   0.04222   0.06029   0.01693
   113/499     4.74G   0.03402   0.01814  0.004221   0.05638         5      1216    0.8276    0.5588    0.6198    0.3684   0.04198   0.06132   0.01672
   114/499     4.74G    0.0335   0.02143   0.00486   0.05979        16      1216    0.8249    0.5587    0.5949    0.3752     0.042   0.06264    0.0158
   115/499     4.74G   0.03505   0.01911  0.005042    0.0592         8      1216    0.7482    0.5703    0.5785    0.3714   0.04309   0.05879   0.01653
   116/499     4.74G   0.03477   0.01826  0.004565    0.0576         6      1216    0.7586    0.5703    0.6032     0.374   0.04419   0.05936   0.01658
   117/499     4.74G    0.0381   0.01917  0.004834   0.06211         7      1216    0.7703     0.548    0.5548    0.3534    0.0441   0.06121   0.01492
   118/499     4.74G    0.0374    0.0193  0.004481   0.06118         4      1216    0.7963    0.5703    0.5767    0.3788   0.04297   0.05967   0.01506
   119/499     4.74G   0.03563   0.01973  0.004891   0.06025        16      1216    0.8334    0.5469    0.5583    0.3158   0.04605   0.05996   0.01506
   120/499     4.74G    0.0347   0.01965  0.004337   0.05869         6      1216    0.8498    0.5387    0.5601    0.3141   0.04512   0.05888   0.01585
   121/499     4.74G   0.03459   0.01958  0.004979   0.05915         5      1216    0.8509    0.5481    0.5608    0.3325   0.04392   0.05785   0.01727
   122/499     4.74G   0.03523   0.01828  0.005333   0.05885         9      1216    0.7544    0.6061    0.5765    0.3406   0.04336   0.05807     0.017
   123/499     4.74G   0.03284   0.01774  0.004216   0.05479         6      1216    0.8121    0.5676    0.5603    0.3382   0.04414   0.05758   0.01709
   124/499     4.74G   0.03478   0.01832  0.004817   0.05791         7      1216     0.805    0.5608    0.5796    0.2769   0.04554   0.06007   0.01752
   125/499     4.74G    0.0367   0.02038  0.004095   0.06117        12      1216    0.8051    0.5617    0.5975    0.3149   0.04392   0.05828   0.01739
   126/499     4.74G   0.03522   0.01938  0.004498   0.05911         4      1216    0.8055    0.5703    0.5851     0.336   0.04506   0.05924   0.01704
   127/499     4.74G   0.03612   0.01989   0.00482   0.06083         5      1216    0.7955    0.5588    0.5736    0.2973   0.04443    0.0617   0.01661
   128/499     4.74G    0.0397   0.01823  0.005222   0.06316         7      1216    0.7956     0.578    0.5888    0.3584   0.04154   0.05999   0.01607
   129/499     4.74G   0.03385   0.01713  0.003848   0.05483         9      1216    0.8065    0.5703     0.563     0.332   0.04136   0.06092   0.01643
   130/499     4.74G   0.03258   0.02026  0.003889   0.05673        13      1216    0.8489    0.5591    0.5871    0.3313   0.04109   0.06317   0.01588
   131/499     4.74G   0.03366   0.01838   0.00386    0.0559         5      1216    0.7725    0.6179    0.6363    0.3828   0.04142   0.06286   0.01535
   132/499     4.74G    0.0332   0.01909  0.003939   0.05623        13      1216    0.7581    0.6294    0.6287    0.3476   0.04215   0.05856   0.01526
   133/499     4.74G   0.03236   0.01886   0.00428    0.0555         7      1216    0.7751    0.5634    0.5919    0.3532   0.04116   0.06246   0.01692
   134/499     4.74G   0.03246   0.01839  0.004321   0.05517         6      1216    0.7674    0.5588    0.5741    0.3291    0.0414   0.05887   0.01978
   135/499     4.74G   0.03288   0.01904  0.003669   0.05559         9      1216    0.8508    0.5359    0.5854    0.3262   0.04327    0.0582   0.02083
   136/499     4.74G   0.03319   0.01725  0.004027   0.05447        10      1216    0.8008    0.5702    0.5898    0.3694   0.04138   0.05756   0.01995
   137/499     4.74G   0.03345   0.01826  0.004057   0.05577         8      1216    0.7696    0.5703    0.5845    0.3637   0.04261   0.06138   0.01861
   138/499     4.74G    0.0349   0.01848  0.004447   0.05782         5      1216    0.7452     0.577    0.5846    0.3353   0.04256   0.06306   0.01826
   139/499     4.74G   0.03613   0.02019  0.004507   0.06082         6      1216    0.7152    0.5817    0.6042    0.3448   0.04211   0.06209   0.01776
   140/499     4.74G    0.0344   0.01896  0.004478   0.05784        10      1216    0.7892    0.5818    0.6154     0.379   0.04132   0.06132   0.01707
   141/499     4.74G   0.03361   0.01853  0.004582   0.05671         8      1216    0.7424    0.6293    0.6401    0.3752    0.0405   0.06217   0.01696
   142/499     4.74G   0.03094   0.01853  0.003923    0.0534         3      1216    0.8366     0.567    0.6363    0.3753   0.04187   0.06064   0.01784
   143/499     4.74G    0.0315   0.01954  0.004141   0.05518         6      1216    0.7814    0.5818    0.6459    0.3625   0.04091   0.05964    0.0171
   144/499     4.74G   0.03124   0.01911  0.003797   0.05415        13      1216    0.8166    0.5701    0.6215    0.3685   0.04182   0.05763   0.01701
   145/499     4.74G   0.03056   0.01876   0.00373   0.05305        11      1216    0.8231    0.5703    0.6072    0.3636   0.04102   0.05183   0.01809
   146/499     4.74G   0.03125   0.01714  0.003838   0.05222         4      1216    0.8136    0.5703    0.6177    0.3667    0.0416   0.05007   0.01856
   147/499     4.74G   0.03281   0.01752  0.004487   0.05482        13      1216     0.766    0.5818    0.6019      0.33   0.04279   0.05139   0.01892
   148/499     4.74G   0.03567   0.02048  0.004532   0.06068         6      1216    0.8073    0.5471    0.5856    0.3268   0.04266   0.05128   0.01759
   149/499     4.74G   0.03405   0.01746  0.004131   0.05565        10      1216    0.8114    0.5468    0.5759     0.327    0.0437   0.05708   0.01734
   150/499     4.74G   0.03433   0.01741  0.004173   0.05592         7      1216    0.7357    0.5818    0.5643    0.3437   0.04002   0.06095   0.01766
   151/499     4.74G   0.03065    0.0177  0.004228   0.05257         7      1216    0.7585    0.5818    0.5547    0.3044   0.04295   0.06247    0.0177
   152/499     4.74G    0.0311   0.01631  0.003898   0.05132         2      1216    0.7706    0.5818    0.5855    0.3562   0.04117    0.0625   0.01774
   153/499     4.74G    0.0314   0.01811  0.004119   0.05363         6      1216    0.7597    0.5818    0.5966    0.3212   0.04128   0.05939   0.01654
   154/499     4.74G   0.03088   0.01728  0.004652   0.05282        10      1216    0.7031     0.604    0.5722     0.343   0.04188   0.05625   0.01535
   155/499     4.74G   0.02935   0.01648   0.00349   0.04932        11      1216     0.728    0.5853    0.5779    0.3309   0.04218   0.05776   0.01496
   156/499     4.74G   0.03059   0.01758   0.00368   0.05185        10      1216    0.7961     0.553     0.577    0.3713   0.04158   0.05771    0.0149
   157/499     4.74G   0.03069   0.01794  0.004192   0.05282         7      1216    0.7805    0.5531    0.5831    0.3813   0.04257   0.05376   0.01549
   158/499     4.74G   0.03366    0.0186  0.004193   0.05646        10      1216    0.6995    0.5666    0.5945    0.3651   0.04351   0.05214   0.01622
   159/499     4.74G   0.03128   0.01736  0.003442   0.05208         4      1216    0.7672     0.548    0.5794    0.3355   0.04309   0.05241   0.01647
   160/499     4.74G   0.03309   0.01788  0.004041   0.05502         9      1216    0.7806    0.5481    0.5968    0.3504   0.04271   0.05175   0.01626
   161/499     4.74G   0.03236   0.01707  0.004584   0.05401        10      1216    0.7814    0.5481    0.5838     0.336     0.044   0.05369   0.01662
   162/499     4.74G   0.03134   0.01943  0.003902   0.05467        13      1216    0.7627    0.5481    0.5804    0.3614   0.04294   0.05429   0.01662
   163/499     4.74G   0.03104   0.01815  0.004457   0.05364         5      1216     0.776    0.5365    0.5862    0.3484   0.04407   0.05458   0.01638
   164/499     4.74G   0.03094   0.01658  0.004011   0.05153         5      1216    0.8297     0.533    0.5814    0.3481   0.04268   0.05406   0.01647
   165/499     4.74G   0.02897   0.01652  0.003232   0.04872         3      1216    0.7521    0.5703    0.5767    0.3255   0.04304   0.05394   0.01701
   166/499     4.74G   0.03019   0.01811  0.004004   0.05231         7      1216    0.7699    0.5703    0.5937    0.3746   0.04225   0.05327   0.01732
   167/499     4.74G   0.03048    0.0173   0.00372    0.0515         7      1216    0.7817    0.5703    0.5786    0.3439    0.0411   0.04938   0.01732
   168/499     4.74G   0.03058   0.01803  0.003128   0.05174         6      1216    0.7695    0.5703    0.5973    0.3678   0.04128   0.04945   0.01752
   169/499     4.74G    0.0337   0.01688  0.004036   0.05462         7      1216    0.7815    0.5637    0.5825    0.3646   0.04015   0.05165   0.01627
   170/499     4.74G   0.03146   0.01831  0.003724   0.05349         2      1216    0.7504    0.5658    0.5803    0.3331   0.04077    0.0531   0.01595
   171/499     4.74G    0.0343   0.01629  0.004055   0.05465         0      1216    0.7966    0.5364    0.5688    0.3241   0.04082   0.05424   0.01634
   172/499     4.74G   0.03343   0.01659  0.004108   0.05413         7      1216    0.8098    0.5365    0.5591     0.311   0.04207   0.05442   0.01706
   173/499     4.74G   0.03231    0.0181  0.003958   0.05437        10      1216    0.8107    0.5366    0.5664    0.3239   0.04231   0.05427     0.017
   174/499     4.74G   0.02935   0.01591  0.003534    0.0488        10      1216    0.8139    0.5366    0.5582    0.3254   0.04257   0.05713   0.01649
   175/499     4.74G   0.03081   0.01752  0.003923   0.05225         4      1216    0.8069    0.5366    0.5524    0.3304   0.04307   0.05819   0.01636
   176/499     4.74G   0.03174   0.01688  0.003593   0.05221        17      1216    0.7812    0.5366    0.5551    0.3153   0.04379   0.05837   0.01671
   177/499     4.74G   0.03119   0.01669  0.003581   0.05146         7      1216    0.7728    0.5588    0.5744     0.347   0.04241   0.06226   0.01694
   178/499     4.74G   0.02872   0.01742  0.003883   0.05002        13      1216    0.7747    0.5588    0.5764    0.3232   0.04378   0.06025    0.0176
   179/499     4.74G   0.03165   0.01757  0.003995   0.05322         6      1216    0.7131    0.5818    0.5866    0.3243   0.04177   0.05941   0.01785
   180/499     4.74G   0.03284   0.01613  0.003897   0.05287         4      1216    0.7511    0.5588    0.5306    0.3159   0.04075   0.06527   0.01911
   181/499     4.74G     0.033   0.01794   0.00351   0.05446         9      1216    0.7672    0.5473    0.5323    0.3264   0.04138    0.0645   0.01958
   182/499     4.74G   0.03537   0.01736  0.003937   0.05667        12      1216    0.7533    0.5588    0.5416    0.3228   0.03882   0.06147   0.02008
   183/499     4.74G   0.02835    0.0162  0.003463   0.04801         8      1216     0.733    0.5703    0.5614    0.3413   0.03991    0.0598   0.02076
   184/499     4.74G   0.03113   0.01843   0.00352   0.05308        12      1216    0.7685    0.5588    0.5619    0.3322   0.04121   0.05828   0.01966
   185/499     4.74G    0.0299   0.01595  0.003961   0.04981         5      1216    0.7765    0.5588    0.5674    0.3446   0.04081   0.05758    0.0189
   186/499     4.74G   0.02703   0.01728  0.003608   0.04792        10      1216    0.7731    0.5588    0.5888    0.3475   0.03949     0.057   0.01887
   187/499     4.74G   0.02656   0.01617  0.003938   0.04667        10      1216    0.7442    0.5702    0.6343     0.386   0.03936   0.05404   0.01883
   188/499     4.74G   0.02736   0.01719  0.003336   0.04789         8      1216    0.7346    0.5708    0.6727    0.4086   0.03965   0.05178   0.01827
   189/499     4.74G   0.02784   0.01585  0.003672   0.04736         5      1216    0.7593    0.5588    0.6549    0.3846   0.04183   0.05427   0.01762
   190/499     4.74G   0.02979   0.01771  0.003939   0.05144         8      1216    0.7736    0.5472     0.652    0.3954   0.03945   0.05593   0.01828
   191/499     4.74G   0.03005   0.01659  0.003428   0.05007         1      1216     0.775    0.5473    0.6365    0.4107   0.03916   0.05654   0.01793
   192/499     4.74G   0.03144   0.01682  0.003736     0.052         5      1216    0.7226    0.5428    0.6182    0.4039   0.03798   0.05618   0.01842
   193/499     4.74G   0.02926   0.01713  0.004468   0.05086         3      1216    0.7634    0.5136    0.6021    0.3893   0.03806   0.05305   0.01793
   194/499     4.74G    0.0282   0.01697  0.003686   0.04885         7      1216    0.7023    0.5703    0.5844    0.3533   0.03911   0.05537   0.01714
   195/499     4.74G    0.0278   0.01672   0.00383   0.04835         8      1216    0.7364    0.5702    0.5637    0.3409   0.04025   0.05712   0.01645
   196/499     4.74G   0.02866   0.01663  0.003625   0.04891        13      1216    0.7414    0.5703    0.5634    0.3308   0.04007   0.05653   0.01593
   197/499     4.74G   0.02659   0.01629  0.003465   0.04634         5      1216    0.7521    0.5818    0.5695    0.3556    0.0403   0.05579   0.01568
   198/499     4.74G     0.027   0.01518   0.00306   0.04524         3      1216    0.7573    0.5704    0.5613    0.3556   0.04053   0.05898   0.01494
   199/499     4.74G   0.02862   0.01661  0.003455   0.04868         9      1216    0.7638    0.5703    0.5672    0.3552   0.04088   0.05935   0.01463
   200/499     4.74G   0.02746   0.01485  0.003479    0.0458        11      1216    0.7618    0.5704     0.586    0.3648   0.04153   0.05716   0.01441
   201/499     4.74G   0.03004   0.01599  0.004568    0.0506         7      1216    0.7699    0.5703    0.5856    0.3604   0.04099   0.05602   0.01527
   202/499     4.74G   0.02755   0.01527  0.003513   0.04633         4      1216    0.7932    0.5588     0.557    0.3634   0.04222   0.05721   0.01477
   203/499     4.74G   0.03137   0.01573  0.003904     0.051         3      1216    0.7969    0.5588    0.5653    0.3659   0.04272   0.06041    0.0146
   204/499     4.74G   0.03181   0.01577  0.003711   0.05129         2      1216    0.8078    0.5588    0.5483    0.3592   0.04142   0.06146   0.01451
   205/499     4.74G   0.02955   0.01422  0.003624   0.04739         2      1216    0.7985    0.5588    0.5497     0.352   0.04204   0.06226   0.01398
   206/499     4.74G   0.02968   0.01602  0.004176   0.04988        14      1216    0.7944    0.5588    0.5607    0.3445   0.04036   0.06233   0.01354
   207/499     4.74G   0.02703   0.01544  0.003507   0.04599         4      1216    0.7927    0.5588    0.5865    0.3469   0.04062   0.06101   0.01358
   208/499     4.74G   0.02761   0.01488  0.003436   0.04592         9      1216    0.7777    0.5968    0.6143     0.389   0.03948   0.06197   0.01324
   209/499     4.74G   0.02604   0.01514  0.003393   0.04458         7      1216    0.7726    0.6064    0.6155     0.384   0.03969   0.06309   0.01335
   210/499     4.74G   0.02695   0.01659  0.003275   0.04682        11      1216    0.7871    0.5587    0.5925    0.3636   0.03949   0.06355   0.01373
   211/499     4.74G   0.02805   0.01387  0.003504   0.04542         7      1216      0.81    0.5474      0.61    0.3771   0.03965   0.06687   0.01417
   212/499     4.74G   0.03036   0.01672   0.00506   0.05214        14      1216    0.7743    0.5588    0.6125    0.3913   0.03976   0.06612   0.01463
   213/499     4.74G   0.02752   0.01662  0.003574   0.04771        10      1216    0.7721    0.5702     0.624    0.3941    0.0387   0.06467   0.01421
   214/499     4.74G   0.03065   0.01853  0.004047   0.05323         8      1216    0.7468    0.6102    0.6541    0.4187   0.03903   0.06306   0.01399
   215/499     4.74G   0.02746   0.01635  0.003672   0.04749        10      1216    0.7874    0.5703    0.6108    0.3885   0.04001   0.06307   0.01396
   216/499     4.74G   0.02845   0.01726  0.004115   0.04982         4      1216    0.7783    0.5703    0.6088    0.3794   0.04103   0.06462   0.01404
   217/499     4.74G   0.02667   0.01703  0.003496    0.0472         6      1216    0.7691    0.5818    0.6202    0.3844    0.0419   0.06318   0.01431
   218/499     4.74G   0.02659   0.01607  0.003285   0.04595         2      1216    0.7821    0.5703    0.6283    0.3957   0.04209   0.06082   0.01448
   219/499     4.74G   0.02673   0.01513  0.003575   0.04544         7      1216    0.7554     0.604    0.6262    0.3879   0.04107   0.06165   0.01503
   220/499     4.74G   0.02692   0.01455  0.003395   0.04487        13      1216     0.773     0.581    0.6186     0.379   0.04067   0.06325   0.01559
   221/499     4.74G   0.02793   0.01637  0.003302    0.0476        12      1216    0.7914    0.6194    0.6593    0.4069   0.03971   0.06365   0.01518
   222/499     4.74G   0.02727   0.01674  0.003381   0.04739        13      1216    0.7823    0.6693    0.6652    0.4072   0.03941   0.06265   0.01503
   223/499     4.74G   0.02748   0.01569   0.00321   0.04638         3      1216    0.8064    0.6402    0.6512     0.403   0.03971   0.06301   0.01481
   224/499     4.74G    0.0289   0.01563  0.003479   0.04801         6      1216    0.8143    0.6401    0.6539     0.412   0.03935   0.06288   0.01516
   225/499     4.74G   0.02744   0.01583  0.003576   0.04685         6      1216    0.7987    0.6301     0.627    0.3889   0.04073   0.06261     0.015
   226/499     4.74G   0.02528   0.01469  0.003263   0.04323         4      1216    0.7685    0.5703    0.6049    0.3804   0.04064   0.06333   0.01481
   227/499     4.74G   0.02793   0.01603  0.003594   0.04756        10      1216    0.7679    0.5703    0.6124    0.3905   0.04023   0.06415   0.01485
   228/499     4.74G   0.02715   0.01587  0.003733   0.04675         9      1216    0.7836    0.5703    0.5993    0.3665   0.04106    0.0642   0.01541
   229/499     4.74G   0.02708    0.0153  0.003389   0.04576         4      1216    0.7721    0.5703    0.5949    0.3622    0.0401   0.06216   0.01567
   230/499     4.74G   0.02514   0.01445  0.002891   0.04249         3      1216    0.7941    0.5588    0.5902     0.383   0.04119   0.06155   0.01656
   231/499     4.74G   0.02589   0.01636  0.003385   0.04565        14      1216    0.7803    0.5588    0.5875    0.3699   0.04206   0.06267   0.01684
   232/499     4.74G   0.02525   0.01412  0.003076   0.04245        11      1216    0.7565    0.5701    0.5898    0.3731   0.03992    0.0631   0.01727
   233/499     4.74G   0.02526   0.01449   0.00295   0.04269         4      1216    0.7726    0.5588    0.5678    0.3721   0.04113   0.06351   0.01747
   234/499     4.74G   0.02771    0.0153  0.003851   0.04686        11      1216    0.7697    0.5587    0.5873    0.3945   0.04079    0.0639   0.01755
   235/499     4.74G   0.02796    0.0154  0.003241   0.04661         4      1216    0.7672    0.5588    0.5826    0.3767   0.04163   0.06356   0.01736
   236/499     4.74G   0.02784   0.01444  0.003355   0.04564         6      1216     0.775    0.5588     0.582    0.3853   0.04097   0.06414   0.01715
   237/499     4.74G   0.02761   0.01601  0.003919   0.04753        11      1216    0.7795    0.5588    0.6071    0.4039   0.04108   0.06323   0.01663
   238/499     4.74G   0.02831   0.01597  0.004298   0.04857         5      1216    0.7769    0.5588    0.5862      0.37   0.03931   0.06075     0.017
   239/499     4.74G   0.02535   0.01391  0.003716   0.04298        12      1216    0.7683    0.5588    0.5756    0.3733   0.03891   0.05881   0.01763
   240/499     4.74G   0.02502   0.01572  0.003185   0.04392         2      1216    0.7675    0.5588    0.5799    0.3608   0.03953   0.06116   0.01849
   241/499     4.74G   0.02628    0.0149  0.003107   0.04429        20      1216    0.7689    0.5588    0.5769    0.3599   0.03884    0.0636   0.01905
   242/499     4.74G   0.02542   0.01423  0.003163   0.04281        10      1216    0.7706    0.5588    0.5701    0.3522   0.03875   0.06566   0.01879
   243/499     4.74G   0.02478    0.0144  0.002695   0.04188         9      1216    0.7747    0.5588    0.5709    0.3586   0.03917   0.06886   0.01785
   244/499     4.74G   0.02662   0.01434  0.002993   0.04394        13      1216    0.7745    0.5587    0.5759    0.3646   0.03935    0.0669   0.01668
   245/499     4.74G   0.02692   0.01705  0.003522   0.04749         4      1216    0.7789    0.5587     0.603    0.3809   0.03912   0.06644   0.01617
   246/499     4.74G   0.02796     0.016   0.00372   0.04768         7      1216    0.7595    0.6102     0.588    0.3689   0.04016    0.0682   0.01598
   247/499     4.74G   0.02698   0.01542  0.003507   0.04591        15      1216    0.7445    0.5703    0.5915    0.3731   0.03932   0.07027   0.01619
   248/499     4.74G   0.02625   0.01546  0.003202   0.04491         4      1216    0.7485    0.5703    0.5571    0.3228   0.04209   0.06941   0.01601
   249/499     4.74G   0.02653   0.01466   0.00344   0.04463         7      1216    0.7796    0.5588    0.5412    0.3274    0.0414   0.06932   0.01632
   250/499     4.74G   0.02452   0.01429  0.002922   0.04173         5      1216    0.7684    0.5703    0.5416    0.3486   0.04031   0.06788    0.0163
   251/499     4.74G   0.02452   0.01532  0.003372   0.04321         7      1216    0.7748    0.5703    0.5516    0.3603   0.04058   0.06549   0.01651
   252/499     4.74G   0.02554   0.01553  0.002803   0.04387        10      1216    0.7794    0.5703    0.5721    0.3696   0.04067   0.06333   0.01698
   253/499     4.74G   0.02443    0.0141  0.002705   0.04124        10      1216    0.7775    0.5703    0.5992    0.3679   0.04112   0.06293   0.01718
   254/499     4.74G   0.02585   0.01469  0.002638   0.04318         9      1216    0.7965    0.5588    0.6207    0.4022    0.0397   0.06318   0.01704
   255/499     4.74G   0.02622   0.01448  0.003468   0.04417         8      1216     0.773    0.5703    0.5862    0.3748   0.03989    0.0652   0.01704
   256/499     4.74G   0.02889   0.01429  0.003311   0.04649         3      1216    0.7669    0.5703    0.5684    0.3514   0.03928   0.06752   0.01735
   257/499     4.74G   0.02757   0.01544  0.003131   0.04614         3      1216    0.7565    0.5703    0.5522     0.358   0.03829   0.06921   0.01726
   258/499     4.74G   0.02558   0.01438  0.003347   0.04331        10      1216    0.7584    0.5703    0.5562     0.354   0.03832   0.06872   0.01683
   259/499     4.74G    0.0259   0.01515  0.003261   0.04431         4      1216      0.76    0.5703     0.569    0.3551   0.03923   0.06798   0.01679
   260/499     4.74G   0.02553   0.01469  0.003468   0.04368         6      1216     0.765    0.5703    0.6083    0.3872   0.03937   0.06451   0.01636
   261/499     4.74G    0.0249   0.01491  0.003456   0.04326         4      1216    0.7662    0.5703    0.6067    0.3793   0.03932   0.06161   0.01644
   262/499     4.74G   0.02404   0.01419  0.002916   0.04114        10      1216     0.761     0.609    0.6166    0.3718   0.04088   0.06007   0.01624
   263/499     4.74G   0.02567   0.01395  0.003123   0.04274         7      1216    0.7958    0.5916    0.5942    0.3656   0.03903   0.06194   0.01616
   264/499     4.74G   0.02444   0.01407  0.003357   0.04187         6      1216    0.7601    0.6118    0.5941    0.3551   0.04013   0.06108   0.01669
   265/499     4.74G   0.02377   0.01402  0.002876   0.04067         4      1216    0.7609    0.6127    0.5914    0.3676   0.03955   0.06126   0.01654
   266/499     4.74G   0.02476   0.01393  0.003053   0.04174         6      1216    0.7937    0.5916    0.5877     0.358   0.03975   0.06336   0.01675
   267/499     4.74G   0.02557    0.0139  0.003629   0.04311         2      1216    0.7859     0.606    0.5869    0.3533     0.039   0.06464   0.01674
   268/499     4.74G   0.02514   0.01399  0.003898   0.04303         5      1216    0.7502     0.611    0.5888    0.3441   0.03898   0.06451    0.0168
   269/499     4.74G   0.02532   0.01434  0.003239   0.04289         2      1216    0.7773    0.5588    0.6013    0.3754   0.03905   0.06483    0.0167
   270/499     4.74G    0.0253   0.01365  0.003579   0.04253         3      1216    0.7947    0.5588    0.5992    0.3755   0.03877   0.06533   0.01641
   271/499     4.74G   0.02481   0.01508  0.003406    0.0433         7      1216    0.7854    0.5703    0.5796    0.3637   0.03888    0.0663   0.01596
   272/499     4.74G   0.02539    0.0152  0.003423   0.04401        12      1216    0.7711    0.5703    0.5869    0.3878   0.03864   0.06584   0.01579
   273/499     4.74G   0.02324   0.01384  0.003231   0.04031         5      1216    0.7817    0.5613    0.5783    0.3818   0.03832   0.06526   0.01569
   274/499     4.74G   0.02425   0.01455  0.003126   0.04193        12      1216    0.7813    0.5616    0.5759    0.3603   0.04126   0.06568    0.0167
   275/499     4.74G   0.02654   0.01358  0.003115   0.04324        10      1216    0.7807    0.5589    0.5798    0.3822   0.03969   0.06534   0.01698
   276/499     4.74G   0.02598   0.01493  0.002636   0.04354         2      1216    0.7768    0.5588    0.5877    0.3822    0.0408   0.06448   0.01717
   277/499     4.74G   0.02581   0.01419  0.003273   0.04327        13      1216    0.7649    0.5645    0.5849     0.374   0.04024   0.06506   0.01717
   278/499     4.74G   0.02592   0.01411   0.00313   0.04316         2      1216    0.7752    0.5589    0.5534    0.3328   0.04087   0.06537   0.01725
   279/499     4.74G    0.0256   0.01387   0.00258   0.04206         7      1216    0.7767    0.5589    0.5601    0.3462   0.03996    0.0662   0.01712
   280/499     4.74G   0.02414   0.01361  0.003102   0.04085         4      1216     0.777    0.5588    0.5868    0.3635   0.04035    0.0651   0.01691
   281/499     4.74G   0.02409   0.01429  0.003434   0.04181         3      1216    0.7814    0.5589    0.5889    0.3777   0.03952   0.06446   0.01671
   282/499     4.74G   0.02331   0.01388  0.002877   0.04008        11      1216     0.784    0.5589    0.5774     0.341   0.04034   0.06603   0.01665
   283/499     4.74G   0.02422   0.01349  0.003699   0.04141        10      1216    0.7823    0.5589    0.5742    0.3419   0.03979   0.06628   0.01709
   284/499     4.74G   0.02282   0.01349  0.003173   0.03949         5      1216    0.7812    0.5589    0.5622    0.3463   0.03983   0.06737   0.01709
   285/499     4.74G   0.02235   0.01362   0.00261   0.03858         5      1216    0.7829    0.5595     0.601    0.3596   0.04072   0.06687   0.01706
   286/499     4.74G    0.0231   0.01517  0.002893   0.04116         3      1216    0.7698    0.5703    0.6007    0.3729   0.04116   0.06509   0.01688
   287/499     4.74G   0.02387    0.0134   0.00294   0.04021         8      1216    0.7706    0.5703    0.6143      0.38   0.04136   0.06409   0.01691
   288/499     4.74G   0.02615   0.01502  0.003052   0.04423         4      1216    0.7695    0.5703    0.6339    0.3995   0.04107   0.06137   0.01692
   289/499     4.74G   0.02566   0.01502  0.003149   0.04383         5      1216    0.7578    0.5703    0.6377    0.4119    0.0406   0.05986   0.01702
   290/499     4.74G   0.02215   0.01278  0.002241   0.03717         1      1216    0.7513    0.5704    0.6527    0.4108    0.0405   0.05997   0.01697
   291/499     4.74G   0.02581   0.01384  0.003196   0.04285         3      1216      0.76    0.5704     0.625    0.3706     0.041   0.06153   0.01677
   292/499     4.74G   0.02427   0.01467  0.002981   0.04192         6      1216    0.7643    0.5703    0.6189    0.3751   0.04103   0.06291   0.01662
   293/499     4.74G   0.02305   0.01482  0.003378   0.04125         9      1216    0.7626    0.5703    0.6205    0.3992   0.04041   0.06221   0.01656
   294/499     4.74G   0.02261   0.01347  0.003093   0.03917        10      1216    0.7646    0.5703    0.6357    0.4173   0.03995    0.0624   0.01635
   295/499     4.74G   0.02174   0.01399   0.00256   0.03829         9      1216    0.9218    0.5189    0.6186    0.4024   0.03992   0.06398   0.01638
   296/499     4.74G   0.02271   0.01421  0.002588    0.0395         8      1216    0.8992    0.5355    0.6189    0.3967   0.03996    0.0649   0.01618
   297/499     4.74G   0.02353   0.01443  0.003193   0.04116        13      1216    0.7658    0.5703    0.6169    0.4097   0.03964   0.06533   0.01603
   298/499     4.74G   0.02331   0.01461  0.003143   0.04107         8      1216    0.7635    0.5703    0.6214    0.3921   0.03999   0.06597   0.01585
   299/499     4.74G   0.02423    0.0138  0.003053   0.04109         6      1216    0.7619    0.5702    0.6113    0.3733   0.03998   0.06469   0.01585
   300/499     4.74G   0.02448   0.01448  0.003137    0.0421         6      1216    0.7672     0.618    0.5895    0.3569   0.04046   0.06449   0.01589
   301/499     4.74G   0.02534   0.01376  0.003128   0.04223         4      1216     0.775    0.6179    0.6283    0.3884   0.04041   0.06447   0.01604
   302/499     4.74G   0.02326   0.01399  0.002904   0.04016         7      1216    0.7602    0.6179    0.6152     0.387   0.04023   0.06281   0.01622
   303/499     4.74G   0.02294   0.01492  0.003293   0.04115         6      1216    0.8192    0.5473    0.6137    0.3738   0.04067   0.06292   0.01631
   304/499     4.74G   0.02151   0.01321  0.002997   0.03772        18      1216    0.7672    0.5703    0.5789    0.3726   0.04012   0.06296   0.01633
   305/499     4.74G   0.02054   0.01371  0.002791   0.03704         7      1216    0.7647    0.5646    0.5984     0.376   0.04074   0.06417   0.01634
   306/499     4.74G   0.02045   0.01275  0.002569   0.03577         5      1216    0.7794    0.5588    0.5647    0.3636   0.04057   0.06519   0.01682
   307/499     4.74G   0.02065   0.01315  0.002758   0.03656        10      1216    0.7794     0.562    0.5615    0.3628   0.04103   0.06605    0.0172
   308/499     4.74G   0.02315   0.01393  0.002893   0.03997        13      1216    0.7735    0.5687    0.5581    0.3608   0.04063   0.06709   0.01734
   309/499     4.74G   0.02322   0.01378  0.002689   0.03969         8      1216    0.7712    0.5703    0.5502    0.3576    0.0401   0.06755   0.01752
   310/499     4.74G   0.02355   0.01337  0.002892   0.03981         9      1216    0.7478    0.5703    0.5452    0.3603   0.03988   0.06794   0.01748
   311/499     4.74G   0.02448   0.01495  0.003994   0.04342         3      1216    0.7428    0.5703    0.5383    0.3384   0.04047   0.06821    0.0174
   312/499     4.74G    0.0229   0.01474  0.003395   0.04103        13      1216    0.7416    0.5703    0.5427    0.3298   0.04052   0.06687   0.01733
   313/499     4.74G   0.02053   0.01327  0.002981   0.03678         3      1216    0.7455    0.5703    0.5521    0.3471   0.04042   0.06553   0.01728
   314/499     4.74G   0.02112   0.01378  0.003122   0.03803        11      1216    0.7476    0.5703    0.5855    0.3714   0.03993   0.06511   0.01718
   315/499     4.74G   0.02162   0.01264  0.003213   0.03746         6      1216    0.7647    0.5588    0.5627    0.3467   0.04014   0.06533   0.01719
   316/499     4.74G   0.02074   0.01263  0.002861   0.03623         7      1216    0.7708    0.5588    0.5717    0.3664      0.04   0.06636   0.01722
   317/499     4.74G   0.02165   0.01396  0.002688   0.03829        12      1216    0.7705    0.5587    0.5978    0.3921   0.03922   0.06604   0.01717
   318/499     4.74G   0.02138   0.01264  0.002719   0.03674        12      1216    0.7712    0.5588    0.6151    0.4107   0.03944   0.06482   0.01721
   319/499     4.74G   0.02349   0.01372   0.00298   0.04019        12      1216    0.7258    0.6149    0.6193    0.3934   0.03971    0.0642   0.01718
   320/499     4.74G   0.02389   0.01413   0.00301   0.04102         8      1216      0.75    0.6083    0.6093    0.3766   0.03944   0.06445   0.01708
   321/499     4.74G   0.02198   0.01351  0.003133   0.03862         7      1216    0.7508    0.6161    0.5962    0.3834   0.03942   0.06575   0.01698
   322/499     4.74G   0.02381   0.01472  0.003028   0.04155         3      1216    0.7588    0.6078     0.571    0.3601   0.03961   0.06593   0.01698
   323/499     4.74G   0.02183   0.01425  0.002958   0.03904        11      1216    0.7689    0.5588    0.5778    0.3456    0.0402   0.06561   0.01735
   324/499     4.74G   0.02133   0.01388  0.002545   0.03775         6      1216    0.7689    0.5588    0.5637    0.3589   0.04049     0.066   0.01792
   325/499     4.74G   0.02167    0.0138  0.002909   0.03838         5      1216    0.7835    0.5587    0.5579    0.3528   0.04003   0.06603   0.01821
   326/499     4.74G   0.02225   0.01383  0.003218   0.03929        11      1216    0.7779    0.5587    0.5603    0.3519   0.03977   0.06699   0.01836
   327/499     4.74G   0.02141   0.01427  0.002822    0.0385         2      1216    0.7829    0.5588    0.5509     0.365   0.04005   0.06712    0.0187
   328/499     4.74G    0.0226   0.01303  0.003486   0.03912         5      1216    0.7828    0.5588    0.5798    0.3778   0.04015   0.06825   0.01879
   329/499     4.74G   0.02106   0.01442  0.002788   0.03827        17      1216    0.7804    0.5588    0.5839    0.3881   0.03926   0.06763   0.01858
   330/499     4.74G   0.02198   0.01295  0.002815   0.03775         3      1216    0.7811    0.5588    0.5901    0.3684   0.03943   0.06757   0.01864
   331/499     4.74G   0.02287   0.01465  0.003245   0.04077         6      1216    0.7795    0.5589    0.5948    0.3748   0.03998   0.06677   0.01859
   332/499     4.74G   0.02105   0.01223  0.002649   0.03593         8      1216    0.7807    0.5588    0.5972    0.3775   0.04048   0.06748   0.01862
   333/499     4.74G    0.0218   0.01348  0.002831   0.03811         5      1216    0.7823    0.5588    0.5748    0.3625   0.03996   0.06829   0.01872
   334/499     4.74G   0.02178   0.01368  0.003035    0.0385         6      1216     0.806    0.5588    0.5687    0.3661   0.04026   0.06857   0.01866
   335/499     4.74G   0.02112    0.0127  0.002783   0.03661        11      1216    0.7828    0.5588    0.5691    0.3631    0.0404    0.0682   0.01855
   336/499     4.74G   0.02107    0.0136  0.002792   0.03747        12      1216    0.7779    0.5588    0.5761    0.3577   0.04049   0.06719   0.01878
   337/499     4.74G   0.01992   0.01247  0.002778   0.03516         9      1216    0.7764    0.5588    0.5759    0.3717    0.0404   0.06659   0.01901
   338/499     4.74G   0.02075   0.01274  0.002941   0.03643         9      1216    0.7762    0.5588    0.5816    0.3834   0.04028   0.06565   0.01895
   339/499     4.74G   0.02097   0.01316  0.002732   0.03686        11      1216    0.7982    0.5588    0.5866    0.3816   0.03978   0.06587   0.01889
   340/499     4.74G   0.02073    0.0119  0.002608   0.03523         6      1216    0.8049    0.5589    0.5995    0.3919   0.04035   0.06655   0.01924
   341/499     4.74G   0.02068   0.01254  0.002596   0.03582         4      1216    0.8027    0.5589       0.6    0.3834   0.04102   0.06655   0.01963
   342/499     4.74G   0.02185   0.01224  0.002577   0.03666         2      1216    0.8029    0.5589    0.5748     0.364   0.04119   0.06748   0.01999
   343/499     4.74G   0.02316   0.01338  0.002787   0.03932         6      1216    0.8037    0.5588    0.5721     0.369   0.04125     0.068   0.02015
   344/499     4.74G    0.0234   0.01353  0.002869   0.03979        16      1216    0.7844    0.5702    0.5961    0.3892   0.04077   0.06853   0.02014
   345/499     4.74G   0.02168   0.01262  0.003103   0.03741         6      1216     0.821    0.5471    0.5918    0.3857   0.04024   0.06893   0.02007
   346/499     4.74G   0.02113   0.01372  0.002763   0.03761         6      1216    0.7823    0.5588    0.5903    0.3936   0.04041   0.07011    0.0196
   347/499     4.74G   0.02063   0.01138  0.002786    0.0348        14      1216    0.7961    0.5586    0.5788    0.3722   0.04009   0.06938   0.01917
   348/499     4.74G   0.02082   0.01277   0.00277   0.03637         4      1216    0.7944    0.5588    0.5995    0.3819    0.0401   0.06993   0.01881
   349/499     4.74G   0.02107   0.01209  0.002927   0.03608         9      1216    0.7783    0.5588    0.5984    0.3688   0.04034   0.06965   0.01866
   350/499     4.74G   0.02067   0.01205  0.002785    0.0355         4      1216    0.7792    0.5588    0.5944    0.3792   0.04033   0.06876   0.01835
   351/499     4.74G   0.02041   0.01172  0.002645   0.03477        11      1216     0.778    0.5588    0.6026     0.393    0.0402    0.0684   0.01829
   352/499     4.74G   0.02146   0.01277  0.002787   0.03702         4      1216    0.7747    0.5588    0.5983    0.3836   0.04057   0.06889   0.01865
   353/499     4.74G   0.02155   0.01245  0.003003   0.03701         6      1216    0.7754    0.5588    0.6116    0.3854   0.04094   0.06923   0.01887
   354/499     4.74G   0.02044   0.01272  0.002509   0.03567         7      1216    0.7742    0.5588    0.6252    0.3974   0.04084   0.06967   0.01913
   355/499     4.74G   0.02095   0.01291  0.002671   0.03653         6      1216    0.7748    0.5588    0.6265    0.3939   0.04123   0.06953   0.01917
   356/499     4.74G   0.02099   0.01261  0.003323   0.03692         7      1216    0.7729    0.5588    0.6128    0.3804   0.04156   0.06993   0.01898
   357/499     4.74G   0.01986   0.01224  0.002472   0.03456         5      1216      0.77    0.5586    0.6032    0.3814   0.04134   0.07007   0.01893
   358/499     4.74G   0.01997   0.01191  0.002939   0.03483         3      1216    0.7777    0.5588    0.5792    0.3563   0.04085   0.06986   0.01903
   359/499     4.74G   0.01966   0.01229  0.002647    0.0346         3      1216    0.7936    0.5588    0.5806    0.3599   0.04208   0.06833   0.01899
   360/499     4.74G   0.02025   0.01217  0.002808   0.03523         5      1216    0.7825    0.5588    0.5913    0.3714   0.04106   0.06809   0.01887
   361/499     4.74G   0.02151   0.01255  0.003015   0.03708         6      1216    0.7654    0.5703    0.5733    0.3625   0.04171   0.06821   0.01874
   362/499     4.74G   0.02036   0.01164  0.002564   0.03456         3      1216    0.7662    0.5703    0.5866    0.3722    0.0416   0.06784   0.01871
   363/499     4.74G   0.02082   0.01141  0.002562   0.03479        13      1216    0.7668    0.5703    0.5811    0.3751   0.04126   0.06881   0.01901
   364/499     4.74G   0.02066   0.01276  0.002607   0.03604        15      1216    0.7811    0.5703    0.5887     0.378   0.04164   0.06894   0.01916
   365/499     4.74G   0.02203   0.01261  0.003836   0.03848         7      1216    0.7801    0.5701    0.5838    0.3806   0.04087   0.06812   0.01925
   366/499     4.74G   0.02069   0.01221  0.003023   0.03593         7      1216    0.7492    0.5703       0.6    0.3956   0.04063   0.06765   0.01945
   367/499     4.74G   0.02015   0.01298  0.003174    0.0363        15      1216    0.7782    0.5471    0.5954    0.3925   0.04043   0.06722   0.01981
   368/499     4.74G    0.0208   0.01314  0.003982   0.03792        12      1216    0.8026    0.5473    0.6016    0.3859   0.04078   0.06683   0.01904
   369/499     4.74G   0.01889   0.01245  0.003344   0.03469         8      1216    0.8101    0.5588    0.6257    0.3858   0.04097   0.06575   0.01789
   370/499     4.74G   0.02023   0.01277  0.003325   0.03633         6      1216    0.8078    0.5589    0.6094    0.3959   0.04127    0.0656   0.01747
   371/499     4.74G   0.02081   0.01079   0.00316   0.03476         6      1216    0.8045    0.5703    0.6202    0.3895   0.04094   0.06535   0.01718
   372/499     4.74G   0.02052   0.01286  0.002798   0.03618         7      1216     0.798    0.5703    0.6171    0.3829   0.04189   0.06618   0.01745
   373/499     4.74G   0.02033   0.01248  0.002619   0.03543         5      1216    0.7912    0.5703    0.6122    0.3844    0.0419   0.06623   0.01774
   374/499     4.74G     0.021   0.01253  0.003089   0.03662        10      1216    0.7818    0.5703    0.6072    0.3941   0.04179   0.06682   0.01801
   375/499     4.74G   0.02049   0.01269  0.002871   0.03604         6      1216     0.781    0.5703    0.6055    0.3864   0.04179   0.06717   0.01815
   376/499     4.74G   0.01949   0.01225  0.002678   0.03442         6      1216    0.7902    0.5703    0.6067    0.3859   0.04148   0.06767   0.01832
   377/499     4.74G    0.0196   0.01163  0.002891   0.03412         4      1216     0.803    0.5703    0.6014    0.4026    0.0412   0.06781   0.01832
   378/499     4.74G   0.01942   0.01205  0.002903   0.03436         5      1216    0.8063    0.5703    0.5869    0.4014   0.04112   0.06844   0.01821
   379/499     4.74G   0.01789   0.01144  0.002515   0.03184        14      1216    0.8084    0.5703     0.584    0.3767   0.04122   0.06837   0.01817
   380/499     4.74G   0.01806   0.01082  0.002327   0.03121        13      1216    0.8107    0.5703    0.5982    0.3963   0.04149   0.06894    0.0184
   381/499     4.74G   0.01873   0.01097  0.002634   0.03234        10      1216    0.8096    0.5703    0.5884    0.3926   0.04163   0.06842   0.01853
   382/499     4.74G   0.01957   0.01174  0.002911   0.03422        15      1216    0.8026    0.5702    0.5855    0.3846   0.04226   0.06905   0.01867
   383/499     4.74G    0.0191    0.0119  0.002785   0.03379        10      1216    0.7906    0.5702    0.5895    0.3949   0.04187   0.06864   0.01839
   384/499     4.74G   0.02055   0.01275  0.002799    0.0361         2      1216    0.7723    0.5703    0.5912    0.3945   0.04141   0.06872   0.01833
   385/499     4.74G   0.01963   0.01152  0.002969   0.03412         5      1216    0.7765    0.5702    0.5927    0.3962   0.04134   0.06933   0.01846
   386/499     4.74G   0.02104   0.01209  0.002934   0.03606         7      1216    0.7812    0.5703    0.5907    0.3971   0.04136   0.06893    0.0184
   387/499     4.74G   0.01968   0.01208  0.002812   0.03456        11      1216    0.7844    0.5702    0.5973    0.3983   0.04143   0.06901    0.0183
   388/499     4.74G   0.01825   0.01125  0.002615   0.03212         1      1216    0.7945    0.5703    0.5889     0.382   0.04118   0.06892   0.01816
   389/499     4.74G   0.01909   0.01147  0.002767   0.03332         7      1216    0.8081    0.5589    0.6055    0.3947   0.04127   0.06932   0.01828
   390/499     4.74G   0.01861   0.01188  0.002527   0.03301         7      1216    0.8122    0.5588    0.6032    0.3961   0.04145   0.06945   0.01841
   391/499     4.74G   0.01958   0.01171  0.002869   0.03416         6      1216    0.8122    0.5588    0.5881    0.3815   0.04135   0.06988    0.0182
   392/499     4.74G   0.01998   0.01158  0.002855   0.03442        10      1216    0.8093    0.5588    0.5728    0.3622   0.04186   0.06999   0.01789
   393/499     4.74G   0.01981   0.01289  0.002735   0.03544         5      1216    0.8031    0.5588    0.5767    0.3731   0.04152   0.06915   0.01773
   394/499     4.74G   0.01931   0.01182   0.00262   0.03375         9      1216    0.7965    0.5588    0.5786    0.3699   0.04128   0.06947    0.0176
   395/499     4.74G   0.02172   0.01245  0.002818   0.03699         5      1216    0.7998    0.5512    0.5952    0.3886   0.04119   0.06959   0.01734
   396/499     4.74G   0.01983   0.01136  0.002442   0.03362        10      1216    0.7678    0.5703    0.6113    0.4103     0.041   0.07011   0.01742
   397/499     4.74G   0.02034   0.01186  0.002794   0.03499        14      1216    0.7621    0.5703    0.6078    0.4061   0.04108   0.07006   0.01769
   398/499     4.74G   0.01957   0.01139  0.002765   0.03373        12      1216    0.7759    0.5588    0.6041    0.3948   0.04117   0.07062   0.01815
   399/499     4.74G   0.01892    0.0118  0.002514   0.03323        11      1216    0.7766    0.5588    0.5984     0.394   0.04124   0.07095    0.0184
   400/499     4.74G   0.01776   0.01172  0.002531   0.03202         5      1216    0.7756    0.5588    0.5664    0.3759   0.04117   0.06984   0.01807
   401/499     4.74G   0.01784   0.01062  0.002406   0.03087         9      1216    0.7715    0.5703     0.567    0.3708   0.04115   0.06843    0.0176
   402/499     4.74G   0.01841   0.01071  0.002956   0.03208         9      1216    0.7789    0.5703    0.5654      0.37   0.04102   0.06759   0.01744
   403/499     4.74G   0.01833   0.01132  0.002578   0.03222         6      1216    0.8003    0.5703    0.5692    0.3736   0.04132   0.06708   0.01733
   404/499     4.74G   0.01859   0.01105  0.002775   0.03242         2      1216    0.7881    0.5702    0.5681    0.3696   0.04112   0.06772   0.01735
   405/499     4.74G   0.01884   0.01113  0.002841   0.03281         6      1216    0.7806    0.5703    0.5847    0.3884   0.04119   0.06854   0.01742
   406/499     4.74G   0.02016   0.01167  0.002701   0.03453         2      1216     0.799    0.5588    0.6013    0.4088    0.0408   0.06895   0.01738
   407/499     4.74G   0.01795   0.01045  0.002416   0.03082         2      1216    0.7905    0.5589    0.6011    0.4052   0.04054   0.06902   0.01744
   408/499     4.74G   0.01919    0.0113   0.00277   0.03326         8      1216    0.7942    0.5586    0.5993    0.4043   0.04072   0.06936   0.01737
   409/499     4.74G   0.01896   0.01265  0.002817   0.03443         2      1216    0.8016    0.5588    0.5942    0.4084   0.04042   0.06916    0.0175
   410/499     4.74G   0.01713   0.01132  0.002225   0.03067         5      1216    0.8055    0.5588    0.6002     0.414   0.04017   0.06943   0.01743
   411/499     4.74G   0.01803   0.01078  0.002577   0.03138        11      1216    0.8118    0.5589    0.5768    0.3911   0.04056    0.0699   0.01739
   412/499     4.74G   0.01795   0.01164  0.002846   0.03244         9      1216    0.8094    0.5588    0.5738    0.3896    0.0405   0.07063   0.01751
   413/499     4.74G   0.01807   0.01153   0.00266   0.03226         6      1216    0.8099    0.5588    0.5694     0.394   0.04028   0.07048   0.01761
   414/499     4.74G   0.01838   0.01191  0.002481   0.03277         1      1216    0.8227    0.5588    0.5681    0.3872   0.04055   0.07102   0.01777
   415/499     4.74G   0.01891   0.01209  0.002554   0.03356        12      1216     0.824    0.5473    0.5679    0.3824   0.04073   0.07112    0.0179
   416/499     4.74G   0.01929   0.01345  0.002752    0.0355        10      1216    0.7888    0.5585    0.5699    0.3849   0.04044    0.0709   0.01806
   417/499     4.74G   0.01929   0.01209  0.002775   0.03416        11      1216    0.8095    0.5473    0.5668    0.3817   0.04015   0.07129   0.01831
   418/499     4.74G   0.01909   0.01111  0.003001   0.03321         7      1216    0.7888    0.5588    0.5596    0.3725   0.04022   0.07175   0.01851
   419/499     4.74G   0.01862   0.01013  0.002569   0.03132         6      1216    0.7945    0.5588     0.551    0.3712    0.0402   0.07198   0.01882
   420/499     4.74G   0.01798     0.011  0.002434   0.03141         8      1216    0.7946    0.5588    0.5498    0.3705   0.04028    0.0727   0.01893
   421/499     4.74G   0.01782   0.01198  0.002673   0.03248        16      1216    0.7976    0.5588    0.5653    0.3859    0.0401   0.07275   0.01877
   422/499     4.74G   0.01826   0.01118  0.002659    0.0321         6      1216    0.8125    0.5588    0.5584    0.3832   0.04032   0.07273   0.01864
   423/499     4.74G   0.01775   0.01129  0.002731   0.03177        12      1216    0.8136    0.5588    0.5798    0.3968    0.0399   0.07329   0.01849
   424/499     4.74G   0.01689   0.01082  0.002482   0.03019         4      1216    0.8155    0.5588     0.582    0.3888   0.03997   0.07409    0.0182
   425/499     4.74G   0.01722   0.01026  0.002543   0.03002         3      1216    0.8165    0.5588    0.5808    0.3864   0.03998   0.07395   0.01802
   426/499     4.74G   0.01667   0.01101  0.002368   0.03005         3      1216    0.8165    0.5588    0.5777    0.3904   0.03994    0.0738   0.01796
   427/499     4.74G   0.01839   0.01094  0.002449   0.03178        17      1216    0.9808    0.5255    0.5775    0.3871   0.03978   0.07411   0.01804
   428/499     4.74G   0.01821   0.01114   0.00265     0.032        14      1216    0.9816    0.5227    0.5945     0.386   0.04003   0.07417   0.01806
   429/499     4.74G    0.0188    0.0115  0.003113   0.03341         7      1216    0.8124    0.5588    0.5711    0.3772   0.03991   0.07432   0.01824
   430/499     4.74G   0.01823   0.01247  0.002708   0.03341        14      1216    0.8077    0.5588    0.5812    0.3842   0.04014   0.07448   0.01796
   431/499     4.74G   0.01816   0.01086  0.002906   0.03193         9      1216    0.8035    0.5587    0.5895    0.3854   0.03987   0.07433   0.01773
   432/499     4.74G    0.0187   0.01118  0.002782   0.03266        10      1216    0.8035    0.5588    0.6133    0.4022   0.03945   0.07318   0.01744
   433/499     4.74G   0.01791   0.01135  0.002512   0.03178         5      1216    0.8084    0.5589    0.6069    0.4046   0.03975   0.07263   0.01708
   434/499     4.74G   0.01743   0.01061  0.002582   0.03061         6      1216    0.8112    0.5588    0.6146    0.4039    0.0398   0.07199     0.017
   435/499     4.74G    0.0175   0.01051  0.002334   0.03034         7      1216    0.8085    0.5589    0.6139    0.3879   0.03994   0.07165   0.01709
   436/499     4.74G   0.01749   0.01031  0.002436   0.03023         5      1216     0.807    0.5588    0.6163    0.3934   0.03962   0.07144   0.01712
   437/499     4.74G   0.01677   0.01023   0.00213   0.02912         5      1216    0.8031    0.5589    0.6152    0.3977   0.03956   0.07184   0.01713
   438/499     4.74G   0.01917   0.01162  0.002406   0.03319         6      1216    0.7994    0.5588    0.6125     0.402   0.03949   0.07248   0.01718
   439/499     4.74G   0.01911   0.01216  0.003026    0.0343        14      1216    0.7964    0.5588    0.6063    0.4013   0.03923   0.07286   0.01725
   440/499     4.74G   0.01769   0.01008  0.002428   0.03019        11      1216    0.7918    0.5587    0.5989    0.3951   0.03923   0.07305   0.01713
   441/499     4.74G   0.01759   0.01142  0.002474   0.03148         6      1216    0.7958    0.5588     0.575    0.3803   0.03912   0.07412   0.01726
   442/499     4.74G   0.01691   0.01012  0.002428   0.02946        13      1216    0.7903    0.5587      0.57    0.3674   0.03937   0.07399   0.01727
   443/499     4.74G    0.0171   0.01082  0.002404   0.03032        11      1216    0.8016    0.5588    0.5634    0.3714    0.0394   0.07346   0.01728
   444/499     4.74G   0.01766   0.01078  0.002434   0.03087         5      1216    0.8047    0.5588    0.5643    0.3774   0.03955   0.07406   0.01749
   445/499     4.74G   0.01695   0.01083   0.00239   0.03017         5      1216    0.8068    0.5588    0.5603    0.3605   0.03961   0.07486   0.01766
   446/499     4.74G   0.01761   0.01082  0.002461   0.03089        13      1216    0.8068    0.5588    0.5893    0.3882   0.03975   0.07446   0.01775
   447/499     4.74G   0.01613   0.01018  0.002072   0.02838        10      1216    0.8039    0.5588    0.5877    0.3893   0.03989   0.07485   0.01777
   448/499     4.74G   0.01743   0.01076  0.002459   0.03065         5      1216    0.8011    0.5589    0.5879    0.3878   0.03993   0.07449   0.01804
   449/499     4.74G   0.01837   0.01121  0.002243   0.03183         6      1216    0.7971    0.5588     0.586    0.3944   0.04023   0.07454   0.01818
   450/499     4.74G    0.0177   0.01103  0.003485   0.03222         4      1216    0.7741    0.5703    0.5876    0.3836   0.04047   0.07439   0.01839
   451/499     4.74G   0.01811   0.01121   0.00282   0.03213         5      1216    0.7718    0.5703    0.5872    0.3732   0.04101   0.07329   0.01851
   452/499     4.74G    0.0168   0.01102  0.002462   0.03028         9      1216    0.7637    0.5974    0.5902     0.372   0.04075   0.07308   0.01858
   453/499     4.74G   0.01768   0.01203  0.002972   0.03268         2      1216    0.8025    0.5588    0.5883    0.3786   0.04065   0.07379   0.01867
   454/499     4.74G   0.01728   0.01106  0.002693   0.03103         5      1216    0.8105    0.5588    0.5974    0.3848   0.04039   0.07361   0.01868
   455/499     4.74G   0.01645   0.01155  0.002365   0.03037         7      1216    0.8128    0.5588    0.5965    0.3865   0.04026   0.07438   0.01869
   456/499     4.74G   0.01701   0.01005  0.002438    0.0295         7      1216    0.8129    0.5589    0.5653    0.3745   0.04015   0.07489   0.01844
   457/499     4.74G   0.01751   0.01093  0.002729   0.03118        10      1216    0.7914    0.5703    0.6008    0.4082   0.04005    0.0765   0.01794
   458/499     4.74G   0.01748   0.01069  0.002493   0.03066        12      1216    0.7967    0.5703    0.5944    0.4062   0.04026   0.07625    0.0178
   459/499     4.74G   0.01859   0.01232  0.002554   0.03346        10      1216    0.8008    0.5703    0.5887    0.4096   0.04035   0.07606   0.01766
   460/499     4.74G   0.01782   0.01088  0.002734   0.03143         4      1216    0.8034    0.5703    0.5907    0.4044   0.04054   0.07582   0.01745
   461/499     4.74G   0.01796   0.01052  0.002916    0.0314         3      1216     0.804    0.5703    0.5928    0.4051     0.041   0.07481   0.01746
   462/499     4.74G   0.01901   0.01091  0.002894   0.03282        14      1216    0.7974    0.5703    0.6067    0.4077   0.04098   0.07438   0.01771
   463/499     4.74G   0.01839   0.01205  0.002773   0.03321        12      1216     0.809    0.5588    0.6104    0.4043   0.04093   0.07351   0.01782
   464/499     4.74G   0.01745  0.009801  0.002704   0.02996         1      1216    0.8084    0.5588    0.6064    0.4022   0.04086   0.07347   0.01797
   465/499     4.74G   0.01792   0.01137  0.002552   0.03184         5      1216    0.7985    0.5702    0.6074    0.4033   0.04087    0.0732   0.01782
   466/499     4.74G   0.01764   0.01127  0.002684   0.03159         6      1216    0.8015    0.5703    0.6003    0.4065   0.04096   0.07221   0.01777
   467/499     4.74G    0.0173   0.01122  0.002247   0.03076         3      1216    0.7954    0.5703    0.5993    0.3911   0.04117   0.07154   0.01771
   468/499     4.74G   0.01744   0.01005  0.002575   0.03006         6      1216    0.7919    0.5702    0.6023    0.3974   0.04081   0.07146   0.01775
   469/499     4.74G   0.01833   0.01115  0.002581   0.03207         2      1216    0.7866    0.5702    0.6129    0.4029   0.04064   0.07146   0.01773
   470/499     4.74G   0.01837    0.0118   0.00238   0.03255        10      1216    0.7727    0.5703    0.6012    0.3796   0.04028   0.07209   0.01787
   471/499     4.74G   0.01716   0.01098  0.002323   0.03046        12      1216    0.7562    0.5703    0.6013    0.3725   0.04009   0.07247   0.01765
   472/499     4.74G   0.01786   0.01062  0.002614    0.0311         7      1216    0.8104    0.5474    0.5907    0.3788   0.03975   0.07345   0.01756
   473/499     4.74G   0.01794    0.0104  0.002809   0.03115        18      1216    0.7695    0.5703     0.605    0.3926    0.0396    0.0739   0.01736
   474/499     4.74G   0.01868   0.01049  0.002739   0.03191        12      1216    0.7715    0.5703    0.5895    0.3839   0.03975   0.07395   0.01756
   475/499     4.74G   0.01885   0.01103  0.002662   0.03254        10      1216    0.8159    0.5477    0.6043    0.3924   0.03943   0.07405   0.01772
   476/499     4.74G   0.01745   0.01064  0.002599   0.03069         5      1216    0.7528    0.5938    0.6263    0.3937    0.0392   0.07446   0.01788
   477/499     4.74G   0.01708   0.01004  0.002541   0.02966         9      1216    0.7527    0.5903    0.6264    0.4089   0.03902   0.07418   0.01779
   478/499     4.74G    0.0171   0.01089  0.002385   0.03038        16      1216    0.7526    0.5924    0.6314    0.4173   0.03892    0.0733   0.01771
   479/499     4.74G   0.01669  0.009524  0.002331   0.02854         4      1216    0.7543    0.5947    0.6294    0.4045    0.0391   0.07282   0.01782
   480/499     4.74G   0.01839   0.01253  0.002697   0.03362         7      1216    0.7485    0.5942    0.6276    0.4054   0.03908   0.07268   0.01773
   481/499     4.74G   0.01791   0.01103  0.002398   0.03134         9      1216     0.742    0.5963    0.6224    0.4114   0.03934   0.07192   0.01782
   482/499     4.74G   0.01703   0.01073  0.002393   0.03015         8      1216    0.7774    0.5703     0.603    0.3969   0.03955   0.07207   0.01769
   483/499     4.74G    0.0175   0.01042  0.002505   0.03042         6      1216     0.775    0.5703     0.602    0.3903   0.03958    0.0722   0.01761
   484/499     4.74G   0.01777   0.01043  0.002663   0.03086         8      1216    0.7428    0.6051    0.5985    0.3855   0.03947   0.07265   0.01775
   485/499     4.74G   0.01661   0.01061   0.00247   0.02969         6      1216    0.7521    0.6148    0.5979    0.4009   0.03909   0.07333   0.01773
   486/499     4.74G   0.01619   0.01045  0.002409   0.02905         6      1216    0.7778     0.618    0.5705    0.3738   0.03904   0.07471   0.01791
   487/499     4.74G   0.01689   0.01101  0.002683   0.03058         5      1216    0.7695    0.6178    0.5616    0.3575   0.03906   0.07514    0.0182
   488/499     4.74G   0.01713   0.01055  0.002711   0.03039         5      1216    0.7849    0.6065    0.5788    0.3752   0.03907   0.07671   0.01845
   489/499     4.74G   0.01814   0.01058  0.002747   0.03146         5      1216    0.7643    0.6065     0.586    0.3865   0.03891   0.07728   0.01877
   490/499     4.74G   0.01628   0.01021  0.002358   0.02886         7      1216    0.7595    0.6031    0.6019    0.4004   0.03884   0.07728    0.0189
   491/499     4.74G   0.01672  0.009975  0.002164   0.02886         3      1216    0.7647    0.5902    0.6033    0.4036   0.03912   0.07652   0.01905
   492/499     4.74G   0.01825   0.01012  0.003182   0.03155        11      1216    0.7623    0.5852    0.6064    0.3973   0.03887   0.07706   0.01914
   493/499     4.74G   0.01748   0.01018  0.002532   0.03019         5      1216    0.8034    0.5588    0.5984    0.3949    0.0389   0.07627   0.01929
   494/499     4.74G   0.01795   0.01103  0.002786   0.03176         3      1216    0.8023    0.5588    0.6028    0.3994   0.03934   0.07578    0.0191
   495/499     4.74G   0.01721    0.0104  0.002574   0.03018         3      1216    0.8027    0.5588     0.605    0.3981   0.03928   0.07541   0.01902
   496/499     4.74G   0.01774   0.01113   0.00281   0.03168         4      1216    0.8054    0.5588    0.6052    0.4079   0.03952   0.07519   0.01884
   497/499     4.74G    0.0165  0.009522  0.002969   0.02899         8      1216    0.8082    0.5588    0.6064    0.4065   0.03985   0.07449   0.01854
   498/499     4.74G   0.01701    0.0111  0.002515   0.03062         6      1216    0.8096    0.5588    0.5773    0.3834   0.03997   0.07419   0.01855
   499/499     4.74G   0.01678   0.01063  0.002373   0.02979        18      1216     0.794    0.5703     0.592    0.3951   0.03994   0.07345   0.01836
